             version              nb_cpu                   N        nb_iteration        erreur_infty               temps
          0.00000000                 nan          5.00000000                 nan          0.00163444          0.00000800
          1.00000000                 nan          5.00000000         21.00000000          0.00163444          0.00000500
          2.00000000          1.00000000          5.00000000         21.00000000          0.00163444          0.00003300
          2.00000000          2.00000000          5.00000000         21.00000000          0.00163444          0.00037200
          2.00000000          4.00000000          5.00000000         21.00000000          0.00163444          0.00032800
          2.00000000          6.00000000          5.00000000         21.00000000          0.00163444          0.00040100
          2.00000000          8.00000000          5.00000000         21.00000000          0.00163444          0.00063800
          3.00000000          1.00000000          5.00000000         21.00000000          0.00163444          0.00091600
          3.00000000          2.00000000          5.00000000         21.00000000          0.00163444          0.00229700
          3.00000000          4.00000000          5.00000000         21.00000000          0.00163444          0.00084500
          3.00000000          6.00000000          5.00000000         21.00000000          0.00163444          0.00126300
          3.00000000          8.00000000          5.00000000         21.00000000          0.00163444          0.00379100
          4.00000000          1.00000000          5.00000000         21.00000000          0.00163444          0.00137500
          4.00000000          2.00000000          5.00000000         21.00000000          0.00163444          0.00109800
          4.00000000          4.00000000          5.00000000         21.00000000          0.00163444          0.00081400
          4.00000000          6.00000000          5.00000000         21.00000000          0.00163444          0.00169800
          4.00000000          8.00000000          5.00000000         40.00000000          0.00428536          0.00500600
          5.00000000                 nan          5.00000000                 nan          0.00163444          0.00000400
          6.00000000                 nan          5.00000000                 nan          0.00163444          0.00068800
          0.00000000                 nan         10.00000000                 nan          0.00038444          0.00038100
          1.00000000                 nan         10.00000000        102.00000000          0.00038444          0.00001200
          2.00000000          1.00000000         10.00000000        102.00000000          0.00038444          0.00004000
          2.00000000          2.00000000         10.00000000        102.00000000          0.00038444          0.00114900
          2.00000000          4.00000000         10.00000000        102.00000000          0.00038444          0.00144600
          2.00000000          6.00000000         10.00000000        102.00000000          0.00038444          0.00248900
          2.00000000          8.00000000         10.00000000        102.00000000          0.00038444          0.00316000
          3.00000000          1.00000000         10.00000000        102.00000000          0.00038444          0.00004300
          3.00000000          2.00000000         10.00000000        102.00000000          0.00038444          0.00078700
          3.00000000          4.00000000         10.00000000        102.00000000          0.00038444          0.00112900
          3.00000000          6.00000000         10.00000000        102.00000000          0.00038444          0.00236300
          3.00000000          8.00000000         10.00000000        102.00000000          0.00038444          0.00277100
          4.00000000          1.00000000         10.00000000        102.00000000          0.00038444          0.00005700
          4.00000000          2.00000000         10.00000000        102.00000000          0.00038444          0.00068200
          4.00000000          4.00000000         10.00000000        102.00000000          0.00038444          0.00103300
          4.00000000          6.00000000         10.00000000        102.00000000          0.00038444          0.00261100
          4.00000000          8.00000000         10.00000000        102.00000000          0.00038444          0.00557700
          5.00000000                 nan         10.00000000                 nan          0.00038444          0.00000600
          6.00000000                 nan         10.00000000                 nan          0.00038444          0.00005800
          0.00000000                 nan         50.00000000                 nan          0.00001661          4.06514400
          1.00000000                 nan         50.00000000       2298.00000000          0.00001661          0.00491200
          2.00000000          1.00000000         50.00000000       2298.00000000          0.00001661          0.00493700
          2.00000000          2.00000000         50.00000000       2298.00000000          0.00001661          0.02115400
          2.00000000          4.00000000         50.00000000       2298.00000000          0.00001661          0.03429700
          2.00000000          6.00000000         50.00000000       2298.00000000          0.00001661          0.05163200
          2.00000000          8.00000000         50.00000000       2298.00000000          0.00001661          0.07170200
          3.00000000          1.00000000         50.00000000       2298.00000000          0.00001661          0.00494600
          3.00000000          2.00000000         50.00000000       2298.00000000          0.00001661          0.00684700
          3.00000000          4.00000000         50.00000000       2298.00000000          0.00001661          0.00865300
          3.00000000          6.00000000         50.00000000       2298.00000000          0.00001661          0.01809300
          3.00000000          8.00000000         50.00000000       2298.00000000          0.00001661          0.02446000
          4.00000000          1.00000000         50.00000000       2298.00000000          0.00001661          0.00601900
          4.00000000          2.00000000         50.00000000       2298.00000000          0.00001661          0.00590400
          4.00000000          4.00000000         50.00000000       2298.00000000          0.00001661          0.00608900
          4.00000000          6.00000000         50.00000000       2298.00000000          0.00001661          0.01471100
          4.00000000          8.00000000         50.00000000       2298.00000000          0.00001661          0.01929200
          5.00000000                 nan         50.00000000                 nan          0.00001661          0.00178200
          6.00000000                 nan         50.00000000                 nan          0.00001661          0.00109900
          0.00000000                 nan        100.00000000                 nan          0.00000417        289.82463900
          1.00000000                 nan        100.00000000       8506.00000000          0.00000417          0.07153300
          2.00000000          1.00000000        100.00000000       8506.00000000          0.00000417          0.07129200
          2.00000000          2.00000000        100.00000000       8506.00000000          0.00000417          0.13616600
          2.00000000          4.00000000        100.00000000       8506.00000000          0.00000417          0.16506100
          2.00000000          6.00000000        100.00000000       8506.00000000          0.00000417          0.24327900
          2.00000000          8.00000000        100.00000000       8506.00000000          0.00000417          0.28512700
          3.00000000          1.00000000        100.00000000       8506.00000000          0.00000417          0.07748600
          3.00000000          2.00000000        100.00000000       8506.00000000          0.00000417          0.05910000
          3.00000000          4.00000000        100.00000000       8506.00000000          0.00000417          0.04552000
          3.00000000          6.00000000        100.00000000       8506.00000000          0.00000417          0.08859700
          3.00000000          8.00000000        100.00000000       8506.00000000          0.00000417          0.09793600
          4.00000000          1.00000000        100.00000000       8506.00000000          0.00000417          0.09143400
          4.00000000          2.00000000        100.00000000       8506.00000000          0.00000417          0.05780100
          4.00000000          4.00000000        100.00000000       8506.00000000          0.00000417          0.04500200
          4.00000000          6.00000000        100.00000000       8506.00000000          0.00000417          0.08060600
          4.00000000          8.00000000        100.00000000       8506.00000000          0.00000417          0.09302800
          5.00000000                 nan        100.00000000                 nan          0.00000417          0.05743700
          6.00000000                 nan        100.00000000                 nan          0.00000417          0.00635500
          1.00000000                 nan        300.00000000      66569.00000000          0.00000046          5.04281400
          2.00000000          1.00000000        300.00000000      66569.00000000          0.00000046          4.92251000
          2.00000000          2.00000000        300.00000000      66569.00000000          0.00000046          3.42818800
          2.00000000          4.00000000        300.00000000      66569.00000000          0.00000046          2.88519700
          2.00000000          6.00000000        300.00000000      66569.00000000          0.00000046          4.06385400
          2.00000000          8.00000000        300.00000000      66569.00000000          0.00000046          3.50895400
          3.00000000          1.00000000        300.00000000      66569.00000000          0.00000046          5.26611500
          3.00000000          2.00000000        300.00000000      66569.00000000          0.00000046          2.94496700
          3.00000000          4.00000000        300.00000000      66569.00000000          0.00000046          1.86979600
          3.00000000          6.00000000        300.00000000      66569.00000000          0.00000046          2.46176900
          3.00000000          8.00000000        300.00000000      66569.00000000          0.00000046          2.59830400
          4.00000000          1.00000000        300.00000000      66569.00000000          0.00000046          5.83965600
          4.00000000          2.00000000        300.00000000      66569.00000000          0.00000046          3.32251800
          4.00000000          4.00000000        300.00000000      66569.00000000          0.00000046          2.03704800
          4.00000000          6.00000000        300.00000000      66569.00000000          0.00000046          2.63010200
          4.00000000          8.00000000        300.00000000      66569.00000000          0.00000046          2.64296100
          5.00000000                 nan        300.00000000                 nan          0.00000046          4.79852600
          6.00000000                 nan        300.00000000                 nan          0.00000046          0.05369800
          1.00000000                 nan        500.00000000     171980.00000000          0.00000015         35.49752300
          2.00000000          1.00000000        500.00000000     171980.00000000          0.00000015         33.29031300
          2.00000000          2.00000000        500.00000000     171980.00000000          0.00000015         20.24320300
          2.00000000          4.00000000        500.00000000     171980.00000000          0.00000015         13.27249500
          2.00000000          6.00000000        500.00000000     171980.00000000          0.00000015         17.89371800
          2.00000000          8.00000000        500.00000000     171980.00000000          0.00000015         17.43871500
          3.00000000          1.00000000        500.00000000     171980.00000000          0.00000015         35.45215800
          3.00000000          2.00000000        500.00000000     171980.00000000          0.00000015         20.45421700
          3.00000000          4.00000000        500.00000000     171980.00000000          0.00000015         12.54828700
          3.00000000          6.00000000        500.00000000     171980.00000000          0.00000015         15.46982000
          3.00000000          8.00000000        500.00000000     171980.00000000          0.00000015         14.98837400
          4.00000000          1.00000000        500.00000000     171980.00000000          0.00000015         38.43266900
          4.00000000          2.00000000        500.00000000     171980.00000000          0.00000015         22.06824000
          4.00000000          4.00000000        500.00000000     171980.00000000          0.00000015         13.93758200
          4.00000000          6.00000000        500.00000000     171980.00000000          0.00000015         21.17870300
          4.00000000          8.00000000        500.00000000     171980.00000000          0.00000015         18.78550400
          5.00000000                 nan        500.00000000                 nan          0.00000017         35.72449600
          6.00000000                 nan        500.00000000                 nan          0.00000017          0.16039400
          1.00000000                 nan        700.00000000     320379.00000000          0.00000005        131.58501700
          2.00000000          1.00000000        700.00000000     320379.00000000          0.00000005        120.37177400
          2.00000000          2.00000000        700.00000000     320379.00000000          0.00000005         77.66887900
          2.00000000          4.00000000        700.00000000     320379.00000000          0.00000005         52.87915800
          2.00000000          6.00000000        700.00000000     320379.00000000          0.00000005         62.09682900
          2.00000000          8.00000000        700.00000000     320379.00000000          0.00000005         58.68963600
          3.00000000          1.00000000        700.00000000     320379.00000000          0.00000005        130.98347200
          3.00000000          2.00000000        700.00000000     320379.00000000          0.00000005         78.73910200
          3.00000000          4.00000000        700.00000000     320379.00000000          0.00000005         61.92843400
          3.00000000          6.00000000        700.00000000     320379.00000000          0.00000005         61.81077300
          3.00000000          8.00000000        700.00000000     320379.00000000          0.00000005        142.45358600
          4.00000000          1.00000000        700.00000000     320379.00000000          0.00000005        139.29846900
          4.00000000          2.00000000        700.00000000     320379.00000000          0.00000005         81.80454400
          4.00000000          4.00000000        700.00000000     320379.00000000          0.00000005         70.63599800
          4.00000000          6.00000000        700.00000000     320379.00000000          0.00000005         68.29092200
          4.00000000          8.00000000        700.00000000     320379.00000000          0.00000005        128.98304300
          5.00000000                 nan        700.00000000                 nan          0.00000009        373.91386200
          6.00000000                 nan        700.00000000                 nan          0.00000009          0.33526100
          6.00000000                 nan       1000.00000000                 nan          0.00000004          0.70480700
          6.00000000                 nan       1500.00000000                 nan          0.00000002          8.26979300
          6.00000000                 nan       2000.00000000                 nan          0.00000001         15.73222400
          6.00000000                 nan       2500.00000000                 nan          0.00000001         26.03028400
          6.00000000                 nan       3000.00000000                 nan          0.00000000         38.92111500
          6.00000000                 nan       3500.00000000                 nan          0.00000000         55.44659000
          6.00000000                 nan       4000.00000000                 nan          0.00000000         76.23762900
          6.00000000                 nan       4500.00000000                 nan          0.00000000        100.02429800
          6.00000000                 nan       5000.00000000                 nan          0.00000000        160.81557100
          6.00000000                 nan       5500.00000000                 nan          0.00000000        206.85507600
